# Neuron Output 8 bit addresses 255 downto 0
# MSB to LSB
00000000 00000000 00000000 00000000 00000000 00000000 00000000 00000000
00000000 00000000 00000000 00000000 00000000 00000000 00000000 00000000
00000000 00000000 00000000 00000000 00000000 00000000 00000000 00000000
00000000 00000000 00000000 00000000 00000000 00000000 00000000 00000000
00000000 00000000 00000000 00000000 00000000 00000000 00000000 00000000
00000000 00000000 00000000 00000000 00000000 00000000 00000000 00000000
00000000 00000000 00000000 00000000 00000000 00000000 00000000 00000000
00000000 00000000 00000000 00000000 00000000 00000000 00000000 00000000
00000000 00000000 00000000 00000000 00000000 00000000 00000000 00000000
00000000 00000000 00000000 00000000 00000000 00000000 00000000 00000000
00000000 00000000 00000000 00000000 00000000 00000000 00000000 00000000
00000000 00000000 00000000 00000000 00000000 00000000 00000000 00000000
00000000 00000000 00000000 00000000 00000000 00000000 00000000 00000000
00000000 00000000 00000000 00000000 00000000 00000000 00000000 00000000
00000000 00000000 00000000 00000000 00000000 00000000 00000000 00000000
00000000 00000000 00000000 00000000 00000000 00000000 00000000 00000000
00000000 00000000 00000000 00000000 00000000 00000000 00000000 00000000
00000000 00000000 00000000 00000000 00000000 00000000 00000000 00000000
00000000 00000000 00000000 00000000 00000000 00000000 00000000 00000000
00000000 00000000 00000000 00000000 00000000 00000000 00000000 00000000
00000000 00000000 00000000 00000000 00000000 00000000 00000000 00000000
00000000 00000000 01010110 01010101 01010100 01010011 01010010 01010001
01010000 01001111 01001110 01001101 01001100 01001011 01001010 01001001
01001000 01000111 01000110 01000101 01000100 01000011 01000010 01000001
01000000 00111111 00111110 00111101 00111100 00111011 00111010 00111001
00111000 00110111 00110110 00110101 00110100 00110011 00110010 00110001
00110000 00101111 00101110 00101101 00101100 00101011 00101010 00101001
00101000 00100111 00100110 00100101 00100100 00100011 00100010 00100001
00100000 00011111 00011110 00011101 00011100 00011011 00011010 00011001
00011000 00010111 00010110 00010101 00010100 00010011 00010010 00010001
00010000 00001111 00001110 00001101 00001100 00001011 00001010 00001001
00001000 00000111 00000110 00000101 00000100 00000011 00000010 00000001
# Synapses 200 (200 downto 1)
# Link control(2)-Tdur(32)-TDel(32)-synweight(8)-AddrOut(8)-AddrIn(8)
00 00000000000000000000000000000000 00000000000000000000000000000000 00000000 00000000 00000000
00 00000000000000000000000000000000 00000000000000000000000000000000 00000000 00000000 00000000
00 00000000000000000000000000000000 00000000000000000000000000000000 00000000 00000000 00000000
00 00000000000000000000000000000000 00000000000000000000000000000000 00000000 00000000 00000000
00 00000000000000000000000000000000 00000000000000000000000000000000 00000000 00000000 00000000
00 00000000000000000000000000000000 00000000000000000000000000000000 00000000 00000000 00000000
00 00000000000000000000000000000000 00000000000000000000000000000000 00000000 00000000 00000000
00 00000000000000000000000000000000 00000000000000000000000000000000 00000000 00000000 00000000
00 00000000000000000000000000000000 00000000000000000000000000000000 00000000 00000000 00000000
00 00000000000000000000000000000000 00000000000000000000000000000000 00000000 00000000 00000000
00 00000000000000000000000000000000 00000000000000000000000000000000 00000000 00000000 00000000
00 00000000000000000000000000000000 00000000000000000000000000000000 00000000 00000000 00000000
00 00000000000000000000000000000000 00000000000000000000000000000000 00000000 00000000 00000000
00 00000000000000000000000000000000 00000000000000000000000000000000 00000000 00000000 00000000
00 00000000000000000000000000000000 00000000000000000000000000000000 00000000 00000000 00000000
00 00000000000000000000000000000000 00000000000000000000000000000000 00000000 00000000 00000000
00 00000000000000000000000000000000 00000000000000000000000000000000 00000000 00000000 00000000
00 00000000000000000000000000000000 00000000000000000000000000000000 00000000 00000000 00000000
00 00000000000000000000000000000000 00000000000000000000000000000000 00000000 00000000 00000000
00 00000000000000000000000000000000 00000000000000000000000000000000 00000000 00000000 00000000
# VD9
# DB9- TSD
10 00000000000000011000011010100000 00000000000000000011101010011000 00000001 01010000 00011110
00 00000000000000011000011010100000 00000000000000000011101010011000 00000001 00000000 01010011
# VD8
# DB8- DA8
10 00000000000000011000011010100000 00000000000000000011101010011000 00000001 01001111 00011101
00 00000000000000011000011010100000 00000000000000000011101010011000 00000001 00000000 00110001
# VD7
# DB7- DA7
10 00000000000000011000011010100000 00000000000000000011101010011000 00000001 01001110 00011100
00 00000000000000011000011010100000 00000000000000000011101010011000 00000001 00000000 00110000
# VD6
# DB6- DA6
10 00000000000000011000011010100000 00000000000000000011101010011000 00000001 01001101 00011011
00 00000000000000011000011010100000 00000000000000000011101010011000 00000001 00000000 00101111
# VD5
# DB5- DA5
10 00000000000000011000011010100000 00000000000000000011101010011000 00000001 01001100 00011010
00 00000000000000011000011010100000 00000000000000000011101010011000 00000001 00000000 00101110
# VD4
# DB4- DA4
10 00000000000000011000011010100000 00000000000000000011101010011000 00000001 01001011 00011001
00 00000000000000011000011010100000 00000000000000000011101010011000 00000001 00000000 00101101
# VD3
# DB3- DA3
10 00000000000000011000011010100000 00000000000000000011101010011000 00000001 01001010 00011000
00 00000000000000011000011010100000 00000000000000000011101010011000 00000001 00000000 00101100
# VD2
# DB2- DA2
10 00000000000000011000011010100000 00000000000000000011101010011000 00000001 01001001 00010111
00 00000000000000011000011010100000 00000000000000000011101010011000 00000001 00000000 00101011
# VD1
# DB1- DA1
10 00000000000000011000011010100000 00000000000000000011101010011000 00000001 01001000 00010110
00 00000000000000011000011010100000 00000000000000000011101010011000 00000001 00000000 00101010
# VD0
# NRD - DA0
10 00000000000000011000011010100000 00000000000000000011101010011000 00000001 01000111 01010001
00 00000000000000011000011010100000 00000000000000000011101010011000 00000001 00000000 00101001
# DD9
# VB9 - TSV
10 00000000000000011000011010100000 00000000000000000011101010011000 00000001 01000110 00101000
00 00000000000000011000011010100000 00000000000000000011101010011000 00000001 00000000 01010100
# DD8
# VB8 - VA8
10 00000000000000011000011010100000 00000000000000000011101010011000 00000001 01000101 00100111
00 00000000000000011000011010100000 00000000000000000011101010011000 00000001 00000000 00111011
# DD7
# VB7 - VA7
10 00000000000000011000011010100000 00000000000000000011101010011000 00000001 01000100 00100110
00 00000000000000011000011010100000 00000000000000000011101010011000 00000001 00000000 00111010
# DD6
# VB6 - VA6
10 00000000000000011000011010100000 00000000000000000011101010011000 00000001 01000011 00100101
00 00000000000000011000011010100000 00000000000000000011101010011000 00000001 00000000 00111001
# DD5
# VB5 - VA5
10 00000000000000011000011010100000 00000000000000000011101010011000 00000001 01000010 00100100
00 00000000000000011000011010100000 00000000000000000011101010011000 00000001 00000000 00111000
# DD4
# VB4 - VA4
10 00000000000000011000011010100000 00000000000000000011101010011000 00000001 01000001 00100011
00 00000000000000011000011010100000 00000000000000000011101010011000 00000001 00000000 00110111
# DD3
# VB3 - VA3
10 00000000000000011000011010100000 00000000000000000011101010011000 00000001 01000000 00100010
00 00000000000000011000011010100000 00000000000000000011101010011000 00000001 00000000 00110110
# DD2
# VB2 - VA2
10 00000000000000011000011010100000 00000000000000000011101010011000 00000001 00111111 00100001
00 00000000000000011000011010100000 00000000000000000011101010011000 00000001 00000000 00110101
# DD1
# VB1 - VA1
10 00000000000000011000011010100000 00000000000000000011101010011000 00000001 00111110 00100000
00 00000000000000011000011010100000 00000000000000000011101010011000 00000001 00000000 00110100
# DD0
# NRV - VA0 
10 00000000000000011000011010100000 00000000000000000011101010011000 00000001 00111101 01010010
00 00000000000000011000011010100000 00000000000000000011101010011000 00000001 00000000 00110011
# VA9
# AVA
00 00000000000000000000010001011000 00000000000000000000001111101000 00000001 00111100 01010110
# VA8
# AVA - MV9
10 00000000000000000000010001011000 00000000000000000000001111101000 00000001 00111011 01010110
00 00000000000000000000010001011000 00000000000000000000001111101000 00000001 00000000 00010011
# VA7
# AVA - MV8
10 00000000000000000000010001011000 00000000000000000000001111101000 00000001 00111010 01010110
00 00000000000000000000010001011000 00000000000000000000001111101000 00000001 00000000 00010010
# VA6
# AVA - MV7
10 00000000000000000000010001011000 00000000000000000000001111101000 00000001 00111001 01010110
00 00000000000000000000010001011000 00000000000000000000001111101000 00000001 00000000 00010001
# VA5
# AVA - MV6
10 00000000000000000000010001011000 00000000000000000000001111101000 00000001 00111000 01010110
00 00000000000000000000010001011000 00000000000000000000001111101000 00000001 00000000 00010000
# VA4
# AVA - MV5
10 00000000000000000000010001011000 00000000000000000000001111101000 00000001 00110111 01010110
00 00000000000000000000010001011000 00000000000000000000001111101000 00000001 00000000 00001111
# VA3
# AVA - MV4
10 00000000000000000000010001011000 00000000000000000000001111101000 00000001 00110110 01010110
00 00000000000000000000010001011000 00000000000000000000001111101000 00000001 00000000 00001110
# VA2
# AVA - MV3
10 00000000000000000000010001011000 00000000000000000000001111101000 00000001 00110101 01010110
00 00000000000000000000010001011000 00000000000000000000001111101000 00000001 00000000 00001101
# VA1
# AVA - MV2
10 00000000000000000000010001011000 00000000000000000000001111101000 00000001 00110100 01010110
00 00000000000000000000010001011000 00000000000000000000001111101000 00000001 00000000 00001100
# VA0
# AVA - MV1
10 00000000000000000000010001011000 00000000000000000000001111101000 00000001 00110011 01010110
00 00000000000000000000010001011000 00000000000000000000001111101000 00000001 00000000 00001011
# DA9
# AVA
00 00000000000000000000010001011000 00000000000000000000001111101000 00000001 00110010 01010110
# DA8
# AVA - MD9
10 00000000000000000000010001011000 00000000000000000000001111101000 00000001 00110001 01010110
00 00000000000000000000010001011000 00000000000000000000001111101000 00000001 00000000 00001010
# DA7
# AVA - MD8
10 00000000000000000000010001011000 00000000000000000000001111101000 00000001 00110000 01010110
00 00000000000000000000010001011000 00000000000000000000001111101000 00000001 00000000 00001001
# DA6
# AVA - MD7
10 00000000000000000000010001011000 00000000000000000000001111101000 00000001 00101111 01010110
00 00000000000000000000010001011000 00000000000000000000001111101000 00000001 00000000 00001000
# DA5
# AVA - MD6
10 00000000000000000000010001011000 00000000000000000000001111101000 00000001 00101110 01010110
00 00000000000000000000010001011000 00000000000000000000001111101000 00000001 00000000 00000111
# DA4
# AVA - MD5
10 00000000000000000000010001011000 00000000000000000000001111101000 00000001 00101101 01010110
00 00000000000000000000010001011000 00000000000000000000001111101000 00000001 00000000 00000110
# DA3
# AVA - MD4
10 00000000000000000000010001011000 00000000000000000000001111101000 00000001 00101100 01010110
00 00000000000000000000010001011000 00000000000000000000001111101000 00000001 00000000 00000101
# DA2
# AVA - MD3
10 00000000000000000000010001011000 00000000000000000000001111101000 00000001 00101011 01010110
00 00000000000000000000010001011000 00000000000000000000001111101000 00000001 00000000 00000100
# DA1
# AVA - MD2
10 00000000000000000000010001011000 00000000000000000000001111101000 00000001 00101010 01010110
00 00000000000000000000010001011000 00000000000000000000001111101000 00000001 00000000 00000011
# DA0
# AVA - MD1
10 00000000000000000000010001011000 00000000000000000000001111101000 00000001 00101001 01010110
00 00000000000000000000010001011000 00000000000000000000001111101000 00000001 00000000 00000010
# VB9
# AVB - MV8
10 00000000000000000000010001011000 00000000000000000000001111101000 00000001 00101000 01010101
00 00000000000000000000010001011000 00000000000000000000001111101000 00000001 00000000 00010011
# VB8
# AVB - MV7
10 00000000000000000000010001011000 00000000000000000000001111101000 00000001 00100111 01010101
00 00000000000000000000010001011000 00000000000000000000001111101000 00000001 00000000 00010010
# VB7
# AVB - MV6
10 00000000000000000000010001011000 00000000000000000000001111101000 00000001 00100110 01010101
00 00000000000000000000010001011000 00000000000000000000001111101000 00000001 00000000 00010001
# VB6
# AVB - MV5
10 00000000000000000000010001011000 00000000000000000000001111101000 00000001 00100101 01010101
00 00000000000000000000010001011000 00000000000000000000001111101000 00000001 00000000 00010000
# VB5
# AVB - MV4
10 00000000000000000000010001011000 00000000000000000000001111101000 00000001 00100100 01010101
00 00000000000000000000010001011000 00000000000000000000001111101000 00000001 00000000 00001111
# VB4
# AVB - MV3
10 00000000000000000000010001011000 00000000000000000000001111101000 00000001 00100011 01010101
00 00000000000000000000010001011000 00000000000000000000001111101000 00000001 00000000 00001110
# VB3
# AVB - MV2
10 00000000000000000000010001011000 00000000000000000000001111101000 00000001 00100010 01010101
00 00000000000000000000010001011000 00000000000000000000001111101000 00000001 00000000 00001101
# VB2
# AVB - MV1
10 00000000000000000000010001011000 00000000000000000000001111101000 00000001 00100001 01010101
00 00000000000000000000010001011000 00000000000000000000001111101000 00000001 00000000 00001100
# VB1
# AVB - MV0
10 00000000000000000000010001011000 00000000000000000000001111101000 00000001 00100000 01010101
00 00000000000000000000010001011000 00000000000000000000001111101000 00000001 00000000 00001011
# VB0
# AVB
00 00000000000000000000010001011000 00000000000000000000001111101000 00000001 00011111 01010101
#DB 9
# AVB - MD8
10 00000000000000000000010001011000 00000000000000000000001111101000 00000001 00011110 01010101
00 00000000000000000000010001011000 00000000000000000000001111101000 00000001 00000000 00001001
# DB 8
# AVB - MD7
10 00000000000000000000010001011000 00000000000000000000001111101000 00000001 00011101 01010101
00 00000000000000000000010001011000 00000000000000000000001111101000 00000001 00000000 00001000
# DB7
# AVB - MD6
10 00000000000000000000010001011000 00000000000000000000001111101000 00000001 00011100 01010101
00 00000000000000000000010001011000 00000000000000000000001111101000 00000001 00000000 00000111
# DB6
# AVB - MD5
10 00000000000000000000010001011000 00000000000000000000001111101000 00000001 00011011 01010101
00 00000000000000000000010001011000 00000000000000000000001111101000 00000001 00000000 00000110
# DB5
# AVB - MD4
10 00000000000000000000010001011000 00000000000000000000001111101000 00000001 00011010 01010101
00 00000000000000000000010001011000 00000000000000000000001111101000 00000001 00000000 00000101
#DB 4
# AVB - MD3
10 00000000000000000000010001011000 00000000000000000000001111101000 00000001 00011001 01010101
00 00000000000000000000010001011000 00000000000000000000001111101000 00000001 00000000 00000100
# DB3
# AVB - MD2
10 00000000000000000000010001011000 00000000000000000000001111101000 00000001 00011000 01010101
00 00000000000000000000010001011000 00000000000000000000001111101000 00000001 00000000 00000011
# DB2
# AVB - MD1
10 00000000000000000000010001011000 00000000000000000000001111101000 00000001 00010111 01010101
00 00000000000000000000010001011000 00000000000000000000001111101000 00000001 00000000 00000010
# DB1
# AVB - MD0
10 00000000000000000000010001011000 00000000000000000000001111101000 00000001 00010110 01010101
00 00000000000000000000010001011000 00000000000000000000001111101000 00000001 00000000 00000001
# DB0
# AVB
00 00000000000000000000010001011000 00000000000000000000001111101000 00000001 00010101 01010101
#MV9
# VD9 - VA9 - VB9 - TSV
10 00000000000000000000001111101000 00000000000000000000001111101000 11111111 00010100 01010000
10 00000000000000011000011010100000 00000000000000000011101010011000 00000001 00000000 00111100
10 00000000000000011000011010100000 00000000000000000011101010011000 00000001 00000000 00101000
00 00000000000001001001001111100000 00000000000000000000001111101000 00000001 00000000 01010100
#MV8
# VD8 - VA8 - VB8
10 00000000000000000000001111101000 00000000000000000000001111101000 11111111 00010011 01001111
10 00000000000000011000011010100000 00000000000000000011101010011000 00000001 00000000 00111011
00 00000000000000011000011010100000 00000000000000000011101010011000 00000001 00000000 00100111
#MV7
# VD7 - VA7 - VB7
10 00000000000000000000001111101000 00000000000000000000001111101000 11111111 00010010 01001110
10 00000000000000011000011010100000 00000000000000000011101010011000 00000001 00000000 00111010
00 00000000000000011000011010100000 00000000000000000011101010011000 00000001 00000000 00100110
#MV6
# VD6 - VA6 - VB6
10 00000000000000000000001111101000 00000000000000000000001111101000 11111111 00010001 01001101
10 00000000000000011000011010100000 00000000000000000011101010011000 00000001 00000000 00111001
00 00000000000000011000011010100000 00000000000000000011101010011000 00000001 00000000 00100101
#MV5
# VD5 - VA5 - VB5
10 00000000000000000000001111101000 00000000000000000000001111101000 11111111 00010000 01001100
10 00000000000000011000011010100000 00000000000000000011101010011000 00000001 00000000 00111000
00 00000000000000011000011010100000 00000000000000000011101010011000 00000001 00000000 00100100
#MV4
# VD4 - VA4 - VB4
10 00000000000000000000001111101000 00000000000000000000001111101000 11111111 00001111 01001011
10 00000000000000011000011010100000 00000000000000000011101010011000 00000001 00000000 00110111
00 00000000000000011000011010100000 00000000000000000011101010011000 00000001 00000000 00100011
#MV3
# VD3 - VA3 - VB3
10 00000000000000000000001111101000 00000000000000000000001111101000 11111111 00001110 01001010
10 00000000000000011000011010100000 00000000000000000011101010011000 00000001 00000000 00110110
00 00000000000000011000011010100000 00000000000000000011101010011000 00000001 00000000 00100010
#MV2
# VD2 - VA2 - VB2
10 00000000000000000000001111101000 00000000000000000000001111101000 11111111 00001101 01001001
10 00000000000000011000011010100000 00000000000000000011101010011000 00000001 00000000 00110101
00 00000000000000011000011010100000 00000000000000000011101010011000 00000001 00000000 00100001
# MV1
# VD1 - VA1 - VB1
10 00000000000000000000001111101000 00000000000000000000001111101000 11111111 00001100 01001000
10 00000000000000011000011010100000 00000000000000000011101010011000 00000001 00000000 00110100
00 00000000000000011000011010100000 00000000000000000011101010011000 00000001 00000000 00100000
# MV0
# VD0 - VA0 - VB0 - NRV
10 00000000000000000000001111101000 00000000000000000000001111101000 11111111 00001011 01000111
10 00000000000000011000011010100000 00000000000000000011101010011000 00000001 00000000 00110011
10 00000000000000011000011010100000 00000000000000000011101010011000 00000001 00000000 00011111
00 00000000000001001001001111100000 00000000000000000000001111101000 00000001 00000000 01010010
# MD9
# DD9 - DA9 - DB9 - TSD
10 00000000000000000000001111101000 00000000000000000000001111101000 11111111 00001010 01000110
10 00000000000000011000011010100000 00000000000000000011101010011000 00000001 00000000 00110010
10 00000000000000011000011010100000 00000000000000000011101010011000 00000001 00000000 00011110
00 00000000000001001001001111100000 00000000000000000000001111101000 00000001 00000000 01010011
# MD8
# DD8 - DA8 - DB8
10 00000000000000000000001111101000 00000000000000000000001111101000 11111111 00001001 01000101
10 00000000000000011000011010100000 00000000000000000011101010011000 00000001 00000000 00110001
00 00000000000000011000011010100000 00000000000000000011101010011000 00000001 00000000 00011101
# MD7
# DD7 - DA7 - DB7
10 00000000000000000000001111101000 00000000000000000000001111101000 11111111 00001000 01000100
10 00000000000000011000011010100000 00000000000000000011101010011000 00000001 00000000 00110000
00 00000000000000011000011010100000 00000000000000000011101010011000 00000001 00000000 00011100
# MD6
# DD6 - DA6 - DB6
10 00000000000000000000001111101000 00000000000000000000001111101000 11111111 00000111 01000011
10 00000000000000011000011010100000 00000000000000000011101010011000 00000001 00000000 00101111
00 00000000000000011000011010100000 00000000000000000011101010011000 00000001 00000000 00011011
# MD5
# DD5 - DA5 - DB5
10 00000000000000000000001111101000 00000000000000000000001111101000 11111111 00000110 01000010
10 00000000000000011000011010100000 00000000000000000011101010011000 00000001 00000000 00101110
00 00000000000000011000011010100000 00000000000000000011101010011000 00000001 00000000 00011010
# MD4
# DD4 - DA4 - DB4
10 00000000000000000000001111101000 00000000000000000000001111101000 11111111 00000101 01000001
10 00000000000000011000011010100000 00000000000000000011101010011000 00000001 00000000 00101101
00 00000000000000011000011010100000 00000000000000000011101010011000 00000001 00000000 00011001
# MD3
# DD3 - DA3 - DB3
10 00000000000000000000001111101000 00000000000000000000001111101000 11111111 00000100 01000000
10 00000000000000011000011010100000 00000000000000000011101010011000 00000001 00000000 00101100
00 00000000000000011000011010100000 00000000000000000011101010011000 00000001 00000000 00011000
# MD2
# DD2 - DA2 - DB2
10 00000000000000000000001111101000 00000000000000000000001111101000 11111111 00000011 00111111
10 00000000000000011000011010100000 00000000000000000011101010011000 00000001 00000000 00101011
00 00000000000000011000011010100000 00000000000000000011101010011000 00000001 00000000 00010111
# MD1
# DD1 - DA1 - DB1
10 00000000000000000000001111101000 00000000000000000000001111101000 11111111 00000010 00111110
10 00000000000000011000011010100000 00000000000000000011101010011000 00000001 00000000 00101010
00 00000000000000011000011010100000 00000000000000000011101010011000 00000001 00000000 00010110
# MD0
# DD0 - DA0 - DB0 - NRD
10 00000000000000000000001111101000 00000000000000000000001111101000 11111111 00000001 00111101
10 00000000000000011000011010100000 00000000000000000011101010011000 00000001 00000000 00101001
10 00000000000000011000011010100000 00000000000000000011101010011000 00000001 00000000 00010101
00 00000000000001001001001111100000 00000000000000000000001111101000 00000001 00000000 01010001
# Neuron 2 (15 downto 0)
# Reftime(16)-APTime(16)-BurstLen(8)-Phase(32)-Period(32)-Phase En(1)-Address(8)
0000000000000000 0000000000000000 00000000 00000000000000000000000000000000 00000000000000000000000000000000 0 00000000
0000000000000000 0000000000000000 00000000 00000000000000000000000000000000 00000000000000000000000000000000 0 00000000
0000000000000000 0000000000000000 00000000 00000000000000000000000000000000 00000000000000000000000000000000 0 00000000
0000000000000000 0000000000000000 00000000 00000000000000000000000000000000 00000000000000000000000000000000 0 00000000
0000000000000000 0000000000000000 00000000 00000000000000000000000000000000 00000000000000000000000000000000 0 00000000
0000000000000000 0000000000000000 00000000 00000000000000000000000000000000 00000000000000000000000000000000 0 00000000
0000000000000000 0000000000000000 00000000 00000000000000000000000000000000 00000000000000000000000000000000 0 00000000
0000000000000000 0000000000000000 00000000 00000000000000000000000000000000 00000000000000000000000000000000 0 00000000
0000000000000000 0000000000000000 00000000 00000000000000000000000000000000 00000000000000000000000000000000 0 00000000
0000000000000000 0000000000000000 00000000 00000000000000000000000000000000 00000000000000000000000000000000 0 00000000
# AVB - 85 AVA - 86
0000011111010000 0000001111101000 00000101 00000000000000000000000000000000 00000000000001010111111001000000 0 01010110
0000011111010000 0000001111101000 00000101 00000000000000000000000000000000 00000000000001010111111001000000 0 01010101
# TSD - 83 TSV - 84
0000001111101000 0000001111101000 00000001 00000000000100100100111110000000 00000000001001001001111100000000 0 01010100
0000001111101000 0000001111101000 00000001 00000000000100100100111110000000 00000000001001001001111100000000 1 01010011
# NRD - 81 NRV - 82
0000001111101000 0000001111101000 00000001 00000000000100100100111110000000 00000000001001001001111100000000 1 01010010
0000001111101000 0000001111101000 00000001 00000000000100100100111110000000 00000000001001001001111100000000 0 01010001
# Neuron 1 (99 downto 0)
# Reftime(16)-APTime(16)-BurstLen(8)-Thi(8)-The(8)-Address(8)
0000000000000000 0000000000000000 00000000 00000000 00000000 00000000
0000000000000000 0000000000000000 00000000 00000000 00000000 00000000
0000000000000000 0000000000000000 00000000 00000000 00000000 00000000
0000000000000000 0000000000000000 00000000 00000000 00000000 00000000
0000000000000000 0000000000000000 00000000 00000000 00000000 00000000
0000000000000000 0000000000000000 00000000 00000000 00000000 00000000
0000000000000000 0000000000000000 00000000 00000000 00000000 00000000
0000000000000000 0000000000000000 00000000 00000000 00000000 00000000
0000000000000000 0000000000000000 00000000 00000000 00000000 00000000
0000000000000000 0000000000000000 00000000 00000000 00000000 00000000

0000000000000000 0000000000000000 00000000 00000000 00000000 00000000
0000000000000000 0000000000000000 00000000 00000000 00000000 00000000
0000000000000000 0000000000000000 00000000 00000000 00000000 00000000
0000000000000000 0000000000000000 00000000 00000000 00000000 00000000
0000000000000000 0000000000000000 00000000 00000000 00000000 00000000
0000000000000000 0000000000000000 00000000 00000000 00000000 00000000
0000000000000000 0000000000000000 00000000 00000000 00000000 00000000
0000000000000000 0000000000000000 00000000 00000000 00000000 00000000
0000000000000000 0000000000000000 00000000 00000000 00000000 00000000
0000000000000000 0000000000000000 00000000 00000000 00000000 00000000
# VD 71 - 80
0000011111010000 0000001111101000 00000001 11111111 00000001 01010000
0000011111010000 0000001111101000 00000001 11111111 00000001 01001111
0000011111010000 0000001111101000 00000001 11111111 00000001 01001110
0000011111010000 0000001111101000 00000001 11111111 00000001 01001101
0000011111010000 0000001111101000 00000001 11111111 00000001 01001100
0000011111010000 0000001111101000 00000001 11111111 00000001 01001011
0000011111010000 0000001111101000 00000001 11111111 00000001 01001010
0000011111010000 0000001111101000 00000001 11111111 00000001 01001001
0000011111010000 0000001111101000 00000001 11111111 00000001 01001000
0000011111010000 0000001111101000 00000001 11111111 00000001 01000111
#DD 61 - 70
0000011111010000 0000001111101000 00000001 11111111 00000001 01000110
0000011111010000 0000001111101000 00000001 11111111 00000001 01000101
0000011111010000 0000001111101000 00000001 11111111 00000001 01000100
0000011111010000 0000001111101000 00000001 11111111 00000001 01000011
0000011111010000 0000001111101000 00000001 11111111 00000001 01000010
0000011111010000 0000001111101000 00000001 11111111 00000001 01000001
0000011111010000 0000001111101000 00000001 11111111 00000001 01000000
0000011111010000 0000001111101000 00000001 11111111 00000001 00111111
0000011111010000 0000001111101000 00000001 11111111 00000001 00111110
0000011111010000 0000001111101000 00000001 11111111 00000001 00111101
#VA 51 - 60
0000011111010000 0000001111101000 00000001 11111111 00000010 00111100
0000011111010000 0000001111101000 00000001 11111111 00000010 00111011
0000011111010000 0000001111101000 00000001 11111111 00000010 00111010
0000011111010000 0000001111101000 00000001 11111111 00000010 00111001
0000011111010000 0000001111101000 00000001 11111111 00000010 00111000
0000011111010000 0000001111101000 00000001 11111111 00000010 00110111
0000011111010000 0000001111101000 00000001 11111111 00000010 00110110
0000011111010000 0000001111101000 00000001 11111111 00000010 00110101
0000011111010000 0000001111101000 00000001 11111111 00000010 00110100
0000011111010000 0000001111101000 00000001 11111111 00000010 00110011
#DA 41 - 50
0000011111010000 0000001111101000 00000001 11111111 00000010 00110010
0000011111010000 0000001111101000 00000001 11111111 00000010 00110001
0000011111010000 0000001111101000 00000001 11111111 00000010 00110000
0000011111010000 0000001111101000 00000001 11111111 00000010 00101111
0000011111010000 0000001111101000 00000001 11111111 00000010 00101110
0000011111010000 0000001111101000 00000001 11111111 00000010 00101101
0000011111010000 0000001111101000 00000001 11111111 00000010 00101100
0000011111010000 0000001111101000 00000001 11111111 00000010 00101011
0000011111010000 0000001111101000 00000001 11111111 00000010 00101010
0000011111010000 0000001111101000 00000001 11111111 00000010 00101001
#VB 31 - 40
0000011111010000 0000001111101000 00000001 11111111 00000010 00101000
0000011111010000 0000001111101000 00000001 11111111 00000010 00100111
0000011111010000 0000001111101000 00000001 11111111 00000010 00100110
0000011111010000 0000001111101000 00000001 11111111 00000010 00100101
0000011111010000 0000001111101000 00000001 11111111 00000010 00100100
0000011111010000 0000001111101000 00000001 11111111 00000010 00100011
0000011111010000 0000001111101000 00000001 11111111 00000010 00100010
0000011111010000 0000001111101000 00000001 11111111 00000010 00100001
0000011111010000 0000001111101000 00000001 11111111 00000010 00100000
0000011111010000 0000001111101000 00000001 11111111 00000010 00011111
#DB 21 - 30
0000011111010000 0000001111101000 00000001 11111111 00000010 00011110
0000011111010000 0000001111101000 00000001 11111111 00000010 00011101
0000011111010000 0000001111101000 00000001 11111111 00000010 00011100
0000011111010000 0000001111101000 00000001 11111111 00000010 00011011
0000011111010000 0000001111101000 00000001 11111111 00000010 00011010
0000011111010000 0000001111101000 00000001 11111111 00000010 00011001
0000011111010000 0000001111101000 00000001 11111111 00000010 00011000
0000011111010000 0000001111101000 00000001 11111111 00000010 00010111
0000011111010000 0000001111101000 00000001 11111111 00000010 00010110
0000011111010000 0000001111101000 00000001 11111111 00000010 00010101
#MV 11 - 20
0001001110001000 0010011100010000 11111111 11111111 00000001 00010100
0001001110001000 0010011100010000 11111111 11111111 00000001 00010011
0001001110001000 0010011100010000 11111111 11111111 00000001 00010010
0001001110001000 0010011100010000 11111111 11111111 00000001 00010001
0001001110001000 0010011100010000 11111111 11111111 00000001 00010000
0001001110001000 0010011100010000 11111111 11111111 00000001 00001111
0001001110001000 0010011100010000 11111111 11111111 00000001 00001110
0001001110001000 0010011100010000 11111111 11111111 00000001 00001101
0001001110001000 0010011100010000 11111111 11111111 00000001 00001100
0001001110001000 0010011100010000 11111111 11111111 00000001 00001011
#MD 1 - 10
0001001110001000 0010011100010000 11111111 11111111 00000001 00001010
0001001110001000 0010011100010000 11111111 11111111 00000001 00001001
0001001110001000 0010011100010000 11111111 11111111 00000001 00001000
0001001110001000 0010011100010000 11111111 11111111 00000001 00000111
0001001110001000 0010011100010000 11111111 11111111 00000001 00000110
0001001110001000 0010011100010000 11111111 11111111 00000001 00000101
0001001110001000 0010011100010000 11111111 11111111 00000001 00000100
0001001110001000 0010011100010000 11111111 11111111 00000001 00000011
0001001110001000 0010011100010000 11111111 11111111 00000001 00000010
0001001110001000 0010011100010000 11111111 11111111 00000001 00000001
# External Stimulus (15 downto 0)
# Address(8)
#00000000 00000000 00000000 00000000 00000000 00000000 00000000 00000000
#00000000 00000000 00000000 00000000 00000000 00000000 00000000 00000000
#Enable Units (255 downto 0)
# Address(8)
00000000 00000000 00000000 00000000 00000000 00000000 00000000 00000000
00000000 00000000 00000000 00000000 00000000 00000000 00000000 00000000
00000000 00000000 00000000 00000000 00000000 00000000 00000000 00000000
00000000 00000000 00000000 00000000 00000000 00000000 00000000 00000000
00000000 00000000 00000000 00000000 00000000 00000000 00000000 00000000
00000000 00000000 00000000 00000000 00000000 00000000 00000000 00000000
00000000 00000000 00000000 00000000 00000000 00000000 00000000 00000000
00000000 00000000 00000000 00000000 00000000 00000000 00000000 00000000
00000000 00000000 00000000 00000000 00000000 00000000 00000000 00000000
00000000 00000000 00000000 00000000 00000000 00000000 00000000 00000000
00000000 00000000 00000000 00000000 00000000 00000000 00000000 00000000
00000000 00000000 00000000 00000000 00000000 00000000 00000000 00000000
00000000 00000000 00000000 00000000 00000000 00000000 00000000 00000000
00000000 00000000 00000000 00000000 00000000 00000000 00000000 00000000
00000000 00000000 00000000 00000000 00000000 00000000 00000000 00000000
00000000 00000000 00000000 00000000 00000000 00000000 00000000 00000000
00000000 00000000 00000000 00000000 00000000 00000000 00000000 00000000
00000000 00000000 00000000 00000000 00000000 00000000 00000000 00000000
00000000 00000000 00000000 00000000 00000000 00000000 00000000 00000000
00000000 00000000 00000000 00000000 00000000 00000000 00000000 00000000
00000000 00000000 00000000 00000000 00000000 00000000 00000000 00000000
00000000 00000000 01010110 01010101 01010100 01010011 01010010 01010001
01010000 01001111 01001110 01001101 01001100 01001011 01001010 01001001
01001000 01000111 01000110 01000101 01000100 01000011 01000010 01000001
01000000 00111111 00111110 00111101 00111100 00111011 00111010 00111001
00111000 00110111 00110110 00110101 00110100 00110011 00110010 00110001
00110000 00101111 00101110 00101101 00101100 00101011 00101010 00101001
00101000 00100111 00100110 00100101 00100100 00100011 00100010 00100001
00100000 00011111 00011110 00011101 00011100 00011011 00011010 00011001
00011000 00010111 00010110 00010101 00010100 00010011 00010010 00010001
00010000 00001111 00001110 00001101 00001100 00001011 00001010 00001001
00001000 00000111 00000110 00000101 00000100 00000011 00000010 00000001
# Address Unit (1)
# Max Address(8)
01010110